18-03-23 10:30         0.00      1400.00         0.00         0.00         0.00         0.00         0.00         0.00       0.0000         0.00 
18-03-25 09:19         0.00      1900.00         0.00         0.00         0.00         0.00         0.00         0.00       0.0000         0.00 
18-03-26 05:29         0.21      1900.00         0.00         0.21         0.11         0.00         0.00         0.00       0.0001         0.00 
18-03-28 06:08         9.24      1900.00         0.00         9.45         9.35         0.00         0.00         0.00       0.0000         0.00 
18-03-28 10:36         4.68      1900.00         0.00        14.13        14.03         0.00         0.00         0.00       0.0000         0.00 
18-04-01 16:05         9.47      1900.00         0.01        23.60        15.61         0.00         0.00         0.00       0.0103         0.00 
18-04-02 11:30        17.57      2000.00         0.01        41.18        30.12         0.00         0.00         0.00       0.0040         0.00 
18-04-03 22:12        10.00      2000.00         0.01        51.18        40.12         0.00         0.00         0.00       0.0000         0.00 
18-04-04 15:27         1.62      2000.00         0.02        52.80        40.12         0.00         0.00         0.00       0.0021         0.00 
18-04-05 11:28         0.39      2000.00         0.02        53.19        40.12         0.00         0.00         0.00       0.0005         0.00 
18-04-06 11:18         0.00      8000.00         0.02        53.19        40.12         0.00         0.00         0.00       0.0000         0.00 
18-04-08 08:20         2.00      8000.00         0.02        55.19        40.12         0.00         0.00         0.00       0.0026         0.00 
18-04-08 11:47      4160.88      8000.00         1.86      4216.07      1386.50         0.00         0.00         0.00       1.8410         0.00 
18-04-09 10:33       406.35     10000.00         1.88      4622.42      1777.02         0.00         0.00         0.00       0.0160         0.00 
18-04-10 11:06       536.67     10000.00         1.92      5159.09      2283.61         0.00         0.00         0.00       0.0392         0.00 
18-04-11 10:54       449.69     10000.00         2.05      5608.78      2630.58         0.00         0.00         0.00       0.1337         0.00 
18-04-12 12:23       632.93     10000.00         2.58      6241.71      2859.43         0.00         0.00         0.00       0.5260         0.00 
18-04-13 14:22        87.46     10000.00         2.64      6329.17      2900.03         0.00         0.00         0.00       0.0610         0.00 
18-04-14 22:32       118.64     10000.00         2.71      6447.81      2963.51         0.00         0.00         0.00       0.0718         0.00 
18-04-15 12:17       280.85     10000.00         2.76      6728.67      3203.13         0.00         0.00         0.00       0.0537         0.00 
18-04-16 15:18       314.41     10000.00         2.76      7043.07      3516.18         0.00         0.00         0.00       0.0010         0.00 
18-04-17 11:41      1031.06     10000.00         3.69      8074.14      3835.70         0.00         0.00         0.00       0.9262         0.00 
18-04-18 16:55       953.06     10000.00         4.70      9027.19      4015.22         0.00         0.00         0.00       1.0069         0.00 
18-04-19 10:51      3006.03     10000.00         7.73     12033.22      4689.35         0.00         0.00         0.00       3.0354         0.00 
18-04-20 12:27       364.37      9900.00         7.86     12397.59      4951.85         0.00         0.00       100.00       0.1313         0.00 
18-04-21 16:15       235.73      9900.00         7.89     12633.33      5168.49         0.00         0.00       100.00       0.0249         0.00 
18-04-22 13:14       149.47     12900.00         7.89     12782.80      5317.96         0.00         0.00       100.00       0.0000         0.00 
18-04-23 12:07       636.88     12900.00         7.96     13419.67      5900.29         0.00         0.00       100.00       0.0710         0.00 
18-04-24 11:38       573.69     12900.00         8.10     13993.36      6366.79         0.00         0.00       100.00       0.1395         0.00 
18-04-25 11:34      1271.28     16900.00         9.36     15264.64      6669.78         0.00         0.00       100.00       1.2604         0.00 
18-04-26 13:04       292.27     16900.00         9.49     15556.91      6861.18         0.00         0.00       100.00       0.1313         0.00 
18-04-28 01:03       103.68     16900.00         9.49     15660.59      6964.18         0.00         0.00       100.00       0.0009         0.00 
18-04-28 15:26       104.81     16900.00         9.49     15765.41      7069.00         0.00         0.00       100.00       0.0000         0.00 
18-04-29 19:00       201.68     16900.00         9.75     15967.08      7069.00         0.00         0.00       100.00       0.2625         0.00 
18-04-30 12:18       116.08     16900.00         9.76     16083.16      7178.19         0.00         0.00       100.00       0.0090         0.00 
18-05-01 11:13        10.91     16900.00         9.77     16094.06      7184.92         0.00         0.00       100.00       0.0035         0.00 
18-05-02 12:56      5491.90     16900.00         9.90     21585.96     12566.98         0.00         0.00       100.00       0.1352         0.00 
18-05-03 13:05      5759.18     16900.00        11.36     27345.14     15532.28         3.86         0.00       100.00       1.4605         0.00 
18-05-04 10:30      7437.70     17100.00        12.90     34782.84     15738.35      4442.40         0.00       100.00       1.5354         0.00 
18-05-05 10:58      4049.33     17100.00        13.81     38832.17     15800.00      6161.88         0.00       100.00       0.9166         0.00 
18-05-06 10:39      8603.56     17300.00        19.43     47435.73     15836.76     10499.46         0.00       100.00       5.6178         0.00 
18-05-07 11:49       830.84     17300.00        19.44     48266.57     16000.00     11167.05         0.00       100.00       0.0060         0.00 
18-05-08 10:37      5653.11     22300.00        19.47     53919.67     19627.87     13191.89         0.00       100.00       0.0293         0.00 
18-05-09 11:24      6445.41     22300.00        22.37     60365.08     20472.15     16568.32         0.00       100.00       2.9063         0.00 
18-05-10 10:42      8251.86     27300.00        22.64     68616.94     24172.94     17417.66         0.00       100.00       0.2698         0.00 
18-05-11 12:25       795.91     27300.00        22.72     69412.86     24172.94     18157.52         0.00       100.00       0.0796         0.00 
18-05-12 11:05      1007.81     27300.00        22.78     70420.67     24172.94     19147.58         0.00       100.00       0.0591         0.00 
18-05-13 10:32       812.88     27300.00        22.78     71233.55     24277.08     19855.88         0.00       100.00       0.0036         0.00 
18-05-14 14:36      1033.77     32300.00        22.93     72267.31     24384.25     20779.34         0.00       100.00       0.1421         0.00 
18-05-15 12:51      5777.91     32300.00        23.69     78045.22     24384.25     26207.70         0.00       100.00       0.7624         0.00 
18-05-16 10:57      5065.26     32300.00        24.18     83110.49     26996.68     28633.50         0.00       100.00       0.4884         0.00 
18-05-17 10:59      2477.63     32300.00        24.67     85588.12     27096.98     30960.81         0.00       100.00       0.4880         0.00 
18-05-18 10:35      3494.30     32300.00        25.12     89082.42     29504.35     31928.88         0.00       100.00       0.4540         0.00 
18-05-19 12:39       898.73     32300.00        25.13     89981.15     29605.35     32726.16         0.00       100.00       0.0109         0.00 
18-05-20 13:23       718.44     32300.00        25.14     90699.59     29706.35     33338.92         0.00       100.00       0.0061         0.00 
18-05-21 15:14      1898.64     32300.00        25.75     92598.23     29706.35     35175.34         0.00       100.00       0.6162         0.00 
18-05-22 13:22      1346.03     38300.00        26.25     93944.26     29807.35     36414.96         0.00       100.00       0.5001         0.00 
18-05-23 11:19      1273.29     38300.00        26.38     95217.55     29807.35     37687.24         0.00       100.00       0.1290         0.00 
18-05-24 11:02       935.18     38300.00        26.48     96152.73     29807.35     38617.56         0.00       100.00       0.0936         0.00 
18-05-25 17:50      3313.97     38300.00        26.48     99466.70     29807.35     41931.43         0.00       100.00       0.0001         0.00 
18-05-26 11:04      6588.03     38300.00        29.40    106054.73     29807.35     46566.63         0.00       100.00       2.9200         0.00 
18-05-27 10:44      4538.20     38300.00        29.65    110592.93     33829.88     47047.62         0.00       100.00       0.2532         0.00 
18-05-28 12:02      6025.20     38300.00        32.10    116618.13     33829.88     51414.45         0.00       100.00       2.4474         0.00 
18-05-29 13:47      3783.79     38300.00        33.67    120401.92     33877.89     54943.70         0.00       100.00       1.5757         0.00 
18-05-30 10:33       605.59     38300.00        33.69    121007.51     33884.80     55541.81         0.00       100.00       0.0227         0.00 
18-05-31 11:07      5852.70     38300.00        36.45    126860.21     35889.05     57295.73         0.00       100.00       2.7603         0.00 
18-06-01 12:50       900.94     38300.00        36.46    127761.15     36389.05     57696.57         0.00       100.00       0.0006         0.00 
18-06-02 13:49      1088.84     38300.00        36.46    128849.99     36490.05     58684.40         0.00       100.00       0.0002         0.00 
18-06-03 10:45      1236.56     45300.00        36.78    130086.55     36490.05     59906.98         0.00       100.00       0.3260         0.00 
18-06-04 11:40      1162.13     46300.00        36.81    131248.68     36490.05     61051.12         0.00       100.00       0.0260         0.00 
18-06-05 10:53      4608.14     46300.00        37.21    135856.81     40725.23     61130.19         0.00       100.00       0.4022         0.00 
18-06-06 10:36       710.61     50300.00        37.65    136567.42     40725.23     61836.80         0.00       100.00       0.4427         0.00 
18-06-07 12:09       874.94     50300.00        37.65    137442.36     40826.23     62609.75         0.00       100.00       0.0013         0.00 
18-06-08 11:44      1744.94     50300.00        38.00    139187.30     40924.27     64255.52         0.00       100.00       0.3453         0.00 
18-06-09 10:34      1676.32     50300.00        38.57    140863.63     40924.27     65931.84         0.00       100.00       0.5717         0.00 
18-06-10 11:18      4575.05     50300.00        39.49    145438.68     40924.27     70248.07         0.00       100.00       0.9204         0.00 
18-06-11 10:39      1896.88     50300.00        40.14    147335.56     40926.55     72142.57         0.00       100.00       0.6484         0.00 
18-06-12 11:09      3793.50     50300.00        42.36    151129.06     40926.55     74807.07         0.00       100.00       2.2199         0.00 
18-06-13 10:35      1863.17     50300.00        42.92    152992.22     40945.87     76648.95         0.00       100.00       0.5618         0.00 
18-06-14 12:18       946.53     50300.00        43.45    153938.76     40946.98     77590.38         0.00       100.00       0.5314         0.00 
18-06-15 11:03       212.44     50300.00        43.57    154151.20     40946.98     77717.08         0.00       100.00       0.1154         0.00 
18-06-16 11:58       119.37     50300.00        43.64    154270.57     40946.98     77835.33         0.00       100.00       0.0755         0.00 
18-06-17 11:37       793.75     50300.00        44.16    155064.32     40946.98     78607.86         0.00       100.00       0.5167         0.00 
18-06-18 11:33       836.83     50300.00        44.69    155901.15     40946.98     79435.82         0.00       100.00       0.5294         0.00 
18-06-19 16:17       646.64     50300.00        45.10    156547.79     40951.98     80065.39         0.00       100.00       0.4057         0.00 
18-06-20 14:41        80.18     50300.00        45.18    156627.97     40951.98     80098.77         0.00       100.00       0.0817         0.00 
18-06-21 14:39        28.37     50300.00        45.19    156656.34     40951.98     80123.15         0.00       100.00       0.0110         0.00 
18-06-22 12:58      1245.29     50300.00        45.97    157901.63     40951.98     81364.39         0.00       100.00       0.7827         0.00 
18-06-23 10:49       456.43     50300.00        46.26    158358.06     41178.17     81369.06         0.00       100.00       0.2936         0.00 
18-06-24 11:58      2004.13     50300.00        47.13    160362.19     41305.85     83073.09         0.00       100.00       0.8632         0.00 
18-06-25 16:06       298.77     50300.00        47.17    160660.97     41305.85     83366.23         0.00       100.00       0.0432         0.00 
18-06-26 14:09      1196.43     50300.00        47.24    161857.39     41315.52     84509.15         0.00       100.00       0.0735         0.00 
18-06-27 10:31       996.83     50300.00        47.33    162854.22     41317.52     85499.23         0.00       100.00       0.0836         0.00 
18-06-28 13:11       457.82     50300.00        47.47    163312.04     41317.52     85955.95         0.00       100.00       0.1392         0.00 
18-06-29 11:38      1043.40     50300.00        47.52    164355.44     41345.29     86966.09         0.00       100.00       0.0481         0.00 
18-06-30 10:59       536.85     50300.00        47.53    164892.30     41345.29     87502.81         0.00       100.00       0.0160         0.00 
18-07-01 18:38       641.92     50300.00        47.81    165534.22     41345.29     88144.73         0.00       100.00       0.2836         0.00 
18-07-02 19:42      1415.81     50200.00        47.82    166950.03     41445.34     89459.49         0.00       200.00       0.0008         0.00 
18-07-03 14:04       738.06     50200.00        48.10    167688.09     41445.34     90188.05         0.00       200.00       0.2854         0.00 
18-07-04 19:05        98.10     50200.00        48.13    167786.19     41445.34     90270.74         0.00       200.00       0.0259         0.00 
18-07-05 11:57      2790.01     50200.00        51.16    170576.20     41445.34     90729.41         0.00       200.00       3.0340         0.00 
18-07-06 11:01        23.99     50200.00        51.17    170600.19     41449.34     90749.39         0.00       200.00       0.0130         0.00 
18-07-07 11:39       142.48     50200.00        51.24    170742.66     41449.34     90888.80         0.00       200.00       0.0632         0.00 
18-07-08 11:00        90.12     50200.00        51.28    170832.78     41449.60     90965.37         0.00       200.00       0.0380         0.00 
18-07-09 12:06       461.40     50200.00        51.36    171294.18     41763.23     91082.81         0.00       200.00       0.0812         0.00 
18-07-10 12:25      1000.47     50200.00        52.16    172294.66     41763.23     91740.39         0.00       200.00       0.8000         0.00 
18-07-11 12:18       695.06     50200.00        52.16    172989.72     41763.23     92434.45         0.00       200.00       0.0013         0.00 
18-07-12 19:33      1059.92     50200.00        52.25    174049.63     41763.23     93491.77         0.00       200.00       0.0902         0.00 
18-07-13 11:09        22.49     50200.00        52.27    174072.13     41763.23     93493.86         0.00       200.00       0.0266         0.00 
18-07-14 18:32        86.93     50200.00        52.32    174159.06     41763.23     93580.69         0.00       200.00       0.0473         0.00 
18-07-15 18:56      1484.02     50200.00        53.59    175643.08     42235.00     93624.25         0.00       200.00       1.2701         0.00 
18-07-16 13:23      9658.46     50200.00        59.49    185301.54     45128.27     95889.70         0.00       200.00       5.8961         0.00 
18-07-17 10:52      1169.96     50200.00        59.94    186471.50     45128.27     96747.90         0.00       200.00       0.4530         0.00 
18-07-18 11:09      3173.75     50200.00        61.69    189645.25     45148.28     98690.03         0.00       200.00       1.7456         0.00 
18-07-19 15:03     13917.22     50200.00        68.80    203562.47     48513.70    103903.30         0.00       200.00       7.1101         0.00 
18-07-20 10:35      3594.16     50200.00        71.98    207156.63     48513.70    105052.92         0.00       200.00       3.1841         0.00 
18-07-21 10:30      1401.97     50200.00        73.17    208558.59     48513.70    105651.61         0.00       200.00       1.1932         0.00 
18-07-22 11:25       620.24     50200.00        73.97    209178.83     48513.70    105665.67         0.00       200.00       0.7956         0.00 
18-07-23 10:42       159.90     54200.00        74.15    209338.73     48515.84    105695.65         0.00       200.00       0.1773         0.00 
18-07-24 11:52       530.75     54200.00        74.21    209869.49     48944.10    105798.15         0.00       200.00       0.0585         0.00 
18-07-25 15:55       173.79     54200.00        74.21    210043.28     48944.10    105971.94         0.00       200.00       0.0013         0.00 
18-07-26 15:41       296.61     54200.00        74.24    210339.88     48961.87    106226.31         0.00       200.00       0.0334         0.00 
18-07-27 10:40       131.39     54200.00        74.24    210471.27     48963.95    106355.62         0.00       200.00       0.0038         0.00 
18-07-29 06:31         7.41     54200.00        74.25    210478.68     48963.95    106355.62         0.00       200.00       0.0096         0.00 
18-07-29 10:38      1377.32     54200.00        74.28    211856.00     48964.95    107731.93         0.00       200.00       0.0218         0.00 
18-07-30 16:24      3739.77     54200.00        75.37    215595.77     48976.95    111040.25         0.00       200.00       1.0994         0.00 
18-07-31 12:07      2541.18     54200.00        76.76    218136.95     48978.37    113051.46         0.00       200.00       1.3811         0.00 
18-08-01 20:19      1075.53     54200.00        77.07    219212.48     48978.37    114072.62         0.00       200.00       0.3095         0.00 
18-08-02 11:07      2395.90     54200.00        77.21    221608.38     49028.48    116399.96         0.00       200.00       0.1479         0.00 
18-08-03 10:40      3070.69     54200.00        77.28    224679.07     52018.12    116449.37         0.00       200.00       0.0692         0.00 
18-08-04 18:11      6646.20     54200.00        81.11    231325.27     52018.12    120155.64         0.00       200.00       3.8297         0.00 
18-08-05 12:46      4042.51     54200.00        83.72    235367.78     52018.12    122192.08         0.00       200.00       2.6125         0.00 
18-08-06 10:36      1397.47     59200.00        83.75    236765.25     53041.63    122566.04         0.00       200.00       0.0246         0.00 
18-08-07 11:03      3795.87     59200.00        83.96    240561.12     55596.24    123807.31         0.00       200.00       0.2103         0.00 
18-08-08 21:35        75.69     59200.00        84.02    240636.81     55596.24    123856.34         0.00       200.00       0.0604         0.00 
18-08-09 19:59      1059.06     62200.00        84.03    241695.87     55596.24    124905.50         0.00       200.00       0.0129         0.00 
18-08-10 14:23       752.11     62200.00        84.57    242447.98     55596.24    125528.48         0.00       200.00       0.5389         0.00 
18-08-11 14:24      1933.14     62200.00        85.44    244381.12     55597.24    127450.64         0.00       200.00       0.8637         0.00 
18-08-12 11:44     15928.87     62200.00       105.06    260309.99     55597.24    128771.99         0.00       200.00      19.6233         0.00 
18-08-13 11:35      3932.32     62200.00       106.52    264242.31     55614.62    132507.67         0.00       200.00       1.4568         0.00 
18-08-14 10:36      3657.74     62200.00       107.61    267900.04     55854.55    135338.70         0.00       200.00       1.0937         0.00 
18-08-15 18:37      1092.71     62200.00       108.82    268992.76     55865.28    135513.98         0.00       200.00       1.2063         0.00 
18-08-16 11:23       499.61     62200.00       109.22    269492.37     55865.28    135866.98         0.00       200.00       0.4004         0.00 
18-08-17 12:02      1397.65     62200.00       110.80    270890.02     55865.28    136074.02         0.00       200.00       1.5882         0.00 
18-08-18 13:02      4769.36     62200.00       114.50    275659.38     55893.80    138074.14         0.00       200.00       3.6928         0.00 
18-08-20 04:24       399.45     62200.00       115.02    276058.83     55893.80    138074.41         0.00       200.00       0.5197         0.00 
18-08-20 13:06      1791.22     62200.00       117.11    277850.05     55893.80    138435.87         0.00       200.00       2.0961         0.00 
18-08-21 11:31      3566.09     62200.00       118.96    281416.14     55930.35    140716.46         0.00       200.00       1.8445         0.00 
18-08-22 10:58      2640.77     62200.00       121.26    284056.91     55930.35    141800.56         0.00       200.00       2.3001         0.00 
18-08-23 11:40      3214.12     62200.00       123.92    287271.03     55944.61    143984.43         0.00       200.00       2.6642         0.00 
18-08-24 13:50       593.81     62200.00       124.51    287864.84     55944.61    144266.25         0.00       200.00       0.5881         0.00 
18-08-25 12:39       990.60     62200.00       125.68    288855.45     55944.61    144376.35         0.00       200.00       1.1722         0.00 
18-08-26 16:18       656.39     62200.00       126.32    289511.83     55944.61    144703.22         0.00       200.00       0.6351         0.00 
18-08-27 14:00     13724.28     62200.00       143.80    303236.12     55944.61    145023.29         0.00       200.00      17.4880         0.00 
18-08-28 13:00      1034.27     62200.00       144.65    304270.39     56249.61    145104.21         0.00       200.00       0.8502         0.00 
18-08-29 13:39       531.22     62200.00       145.21    304801.60     56249.61    145209.32         0.00       200.00       0.5547         0.00 
18-08-30 11:00      1779.42     62200.00       145.93    306581.02     56249.61    146432.48         0.00       200.00       0.7241         0.00 
18-08-31 11:46      2173.34     62200.00       146.66    308754.37     56554.61    147764.55         0.00       200.00       0.7276         0.00 
18-09-01 12:17       449.80     62200.00       146.78    309204.17     56907.89    147766.72         0.00       200.00       0.1228         0.00 
18-09-02 10:32      1626.97     62200.00       147.81    310831.14     56907.89    148864.35         0.00       200.00       1.0263         0.00 
18-09-03 15:33      1286.96     62200.00       149.06    312118.09     57213.39    148886.76         0.00       200.00       1.2484         0.00 
18-09-04 10:42      1278.65     62200.00       150.50    313396.74     57213.39    149140.01         0.00       200.00       1.4438         0.00 
18-09-05 15:10      2679.37     62200.00       151.83    316076.12     57213.39    150832.12         0.00       200.00       1.3229         0.00 
18-09-06 10:45      3082.25     62200.00       153.00    319158.37     59213.39    151185.65         0.00       200.00       1.1719         0.00 
18-09-07 13:27      7853.89     62200.00       160.05    327012.26     59213.39    153628.87         0.00       200.00       7.0508         0.00 
18-09-08 12:31      2367.53     62200.00       160.61    329379.79     59213.39    155590.16         0.00       200.00       0.5652         0.00 
18-09-09 12:39       762.49     62200.00       161.43    330142.28     59213.39    155729.86         0.00       200.00       0.8191         0.00 
18-09-10 17:36       682.37     62200.00       161.77    330824.65     59243.61    156375.26         0.00       200.00       0.3370         0.00 
18-09-11 14:43      6297.85     65200.00       165.79    337122.50     61323.58    157570.80         0.00       200.00       4.0187         0.00 
18-09-12 13:04      1489.97     65200.00       167.01    338612.47     61323.58    158395.79         0.00       200.00       1.2262         0.00 
18-09-13 11:45      2036.19     65200.00       168.46    340648.67     61323.58    159483.21         0.00       200.00       1.4430         0.00 
18-09-14 11:35       284.32     65200.00       168.66    340932.98     61323.58    159747.56         0.00       200.00       0.1975         0.00 
18-09-15 16:42       182.60     65200.00       168.72    341115.58     61323.58    159878.21         0.00       200.00       0.0676         0.00 
18-09-16 13:07       306.77     65200.00       168.85    341422.35     61323.58    160182.97         0.00       200.00       0.1295         0.00 
18-09-17 17:29       202.39     65200.00       168.97    341624.74     61323.58    160358.94         0.00       200.00       0.1152         0.00 
18-09-18 17:58       153.38     65200.00       169.05    341778.12     61323.58    160441.99         0.00       200.00       0.0863         0.00 
18-09-19 13:50     15887.09     65200.00       189.48    357665.22     61323.58    160636.52         0.00       200.00      20.4268         0.00 
18-09-20 15:28       286.48     65200.00       189.55    357951.69     61370.58    160847.68         0.00       200.00       0.0738         0.00 
18-09-21 11:46       948.50     65200.00       190.23    358900.20     61372.58    161304.81         0.00       200.00       0.6791         0.00 
18-09-22 11:06       246.58     65200.00       190.39    359146.78     61372.58    161543.17         0.00       200.00       0.1550         0.00 
18-09-23 18:46       116.36     65200.00       190.46    359263.13     61372.58    161659.53         0.00       200.00       0.0671         0.00 
18-09-24 11:31       492.14     65200.00       190.62    359755.27     61375.58    162126.30         0.00       200.00       0.1604         0.00 
18-09-25 11:31       211.82     65200.00       190.62    359967.09     61386.58    162327.12         0.00       200.00       0.0000         0.00 
18-09-26 15:20       134.83     65200.00       190.74    360101.92     61386.58    162404.15         0.00       200.00       0.1253         0.00 
18-09-27 12:22        46.05     65200.00       190.80    360147.98     61386.58    162406.15         0.00       200.00       0.0573         0.00 
18-09-28 18:07        79.70     65200.00       190.85    360227.68     61386.58    162448.20         0.00       200.00       0.0490         0.00 
18-09-29 13:36       318.07     65200.00       191.15    360545.75     61397.58    162573.82         0.00       200.00       0.3073         0.00 
18-09-30 12:04        71.96     65200.00       191.24    360617.71     61397.58    162581.51         0.00       200.00       0.0846         0.00 
18-10-01 17:12      1277.45     65200.00       192.09    361895.16     61399.13    163821.89         0.00       200.00       0.8465         0.00 
18-10-02 13:30       170.26     65200.00       192.09    362065.42     61408.22    163983.06         0.00       200.00       0.0000         0.00 
18-10-03 10:35       164.89     65200.00       192.13    362230.31     61408.22    164127.37         0.00       200.00       0.0444         0.00 
18-10-04 19:16       471.64     65200.00       192.41    362701.95     61408.22    164599.01         0.00       200.00       0.2804         0.00 
18-10-05 11:36       361.21     65200.00       192.48    363063.17     61408.22    164906.33         0.00       200.00       0.0702         0.00 
18-10-06 15:14        54.04     65200.00       192.51    363117.21     61408.22    164948.22         0.00       200.00       0.0266         0.00 
18-10-07 11:10       122.76     65200.00       192.54    363239.96     61409.22    165026.70         0.00       200.00       0.0366         0.00 
18-10-08 14:33     25697.01     65200.00       225.42    388936.97     61409.22    165506.54         0.00       200.00      32.8778         0.00 
18-10-10 02:48         2.44     65200.00       225.42    388939.41     61409.22    165508.98         0.00       200.00       0.0016         0.00 
18-10-10 19:26       155.68     65200.00       225.49    389095.09     61409.22    165664.65         0.00       200.00       0.0652         0.00 
18-10-11 13:07       324.12     66200.00       225.74    389419.21     61409.22    165924.70         0.00       200.00       0.2525         0.00 
18-10-12 14:27       150.64     66200.00       225.75    389569.84     61409.22    166075.34         0.00       200.00       0.0130         0.00 
18-10-13 12:11       173.85     66200.00       225.85    389743.69     61409.22    166216.68         0.00       200.00       0.0921         0.00 
18-10-14 19:29       528.66     66200.00       226.07    390272.35     61409.22    166576.88         0.00       200.00       0.2220         0.00 
18-10-15 12:43       980.74     66200.00       226.08    391253.09     62328.17    166603.85         0.00       200.00       0.0156         0.00 
18-10-16 11:20       141.72     66200.00       226.11    391394.81     62338.39    166718.27         0.00       200.00       0.0222         0.00 
18-10-17 11:12        21.33     66200.00       226.13    391416.14     62338.39    166721.39         0.00       200.00       0.0248         0.00 
18-10-18 14:36       310.45     66200.00       226.38    391726.59     62405.02    166770.26         0.00       200.00       0.2538         0.00 
18-10-19 14:24       187.90     66200.00       226.49    391914.49     62433.73    166897.45         0.00       200.00       0.1077         0.00 
18-10-20 13:29       209.49     66200.00       226.51    392123.99     62484.07    167045.15         0.00       200.00       0.0150         0.00 
18-10-21 11:25        41.74     66200.00       226.53    392165.73     62484.07    167075.39         0.00       200.00       0.0260         0.00 
18-10-22 10:37       509.28     66200.00       226.92    392675.00     62484.07    167366.78         0.00       200.00       0.3884         0.00 
18-10-23 13:38       184.56     66200.00       226.93    392859.57     62484.07    167513.68         0.00       200.00       0.0120         0.00 
18-10-24 14:18       415.56     66200.00       227.33    393275.13     62489.07    167624.58         0.00       200.00       0.3993         0.00 
18-10-25 10:43       541.27     66200.00       227.44    393816.40     62489.07    168080.97         0.00       200.00       0.1105         0.00 
18-10-26 12:18       179.18     66200.00       227.54    393995.58     62502.66    168170.76         0.00       200.00       0.0987         0.00 
18-10-27 16:37       113.32     66200.00       227.56    394108.90     62514.57    168258.20         0.00       200.00       0.0216         0.00 
18-10-28 20:20       277.84     66200.00       227.71    394386.73     62523.79    168415.69         0.00       200.00       0.1447         0.00 
18-10-29 13:19       144.05     66200.00       227.77    394530.78     62589.40    168457.92         0.00       200.00       0.0580         0.00 
18-10-30 14:34        65.66     66200.00       227.77    394596.44     62589.50    168522.48         0.00       200.00       0.0027         0.00 
18-10-31 21:54        10.25     66200.00       227.78    394606.69     62590.50    168524.49         0.00       200.00       0.0094         0.00 
18-11-01 11:56      5375.11     69200.00       228.11    399981.80     67446.03    169029.08         0.00       200.00       0.3326         0.00 
18-11-02 10:49       146.95     82100.00       228.12    400128.75     67533.90    169077.38         0.00       300.00       0.0127         0.00 
18-11-03 11:32       102.78     82100.00       228.16    400231.53     67533.90    169180.17         0.00       300.00       0.0398         0.00 
18-11-04 10:49       589.07     83100.00       228.59    400820.60     67543.90    169437.59         0.00       300.00       0.4226         0.00 
18-11-05 10:49       556.39     83100.00       229.02    401376.99     67578.17    169628.14         0.00       300.00       0.4316         0.00 
18-11-06 10:38       552.33     83100.00       229.04    401929.32     67647.81    170104.33         0.00       300.00       0.0262         0.00 
18-11-07 20:54        57.33     83100.00       229.05    401986.65     67649.81    170157.66         0.00       300.00       0.0026         0.00 
18-11-08 12:31       369.91     83100.00       229.22    402356.56     67651.81    170390.83         0.00       300.00       0.1776         0.00 
18-11-09 11:33       746.11     83100.00       229.55    403102.67     67671.81    170831.70         0.00       300.00       0.3247         0.00 
18-11-10 13:43       109.31     83100.00       229.59    403211.99     67671.81    170920.13         0.00       300.00       0.0434         0.00 
18-11-11 11:51       144.58     83100.00       229.72    403356.57     67671.81    170968.70         0.00       300.00       0.1263         0.00 
18-11-12 14:23      1960.74     83100.00       231.26    405317.30     68172.81    171352.47         0.00       300.00       1.5427         0.00 
18-11-13 10:39       170.84     83100.00       231.32    405488.14     68241.56    171403.13         0.00       300.00       0.0590         0.00 
18-11-14 12:26      1231.01     83100.00       231.80    406719.16     68658.61    172193.13         0.00       300.00       0.4803         0.00 
18-11-15 14:31      1177.74     83100.00       232.27    407896.90     68962.84    173046.46         0.00       300.00       0.4705         0.00 
18-11-16 11:23      1166.30     83100.00       232.94    409063.20     68992.84    173688.99         0.00       300.00       0.6667         0.00 
18-11-17 11:53      1090.75     83100.00       233.43    410153.95     69299.87    174455.54         0.00       300.00       0.4905         0.00 
18-11-18 10:45      1786.07     83100.00       233.96    411940.02     69604.27    175844.34         0.00       300.00       0.5323         0.00 
18-11-19 11:57      3260.89     83100.00       234.46    415200.92     70010.79    178668.07         0.00       300.00       0.5030         0.00 
18-11-20 11:14      8778.25     83100.00       242.67    423979.16     70902.12    180781.62         0.00       300.00       8.2101         0.00 
18-11-21 11:29      6668.83     83100.00       245.41    430647.99     72392.30    185299.96         0.00       300.00       2.7322         0.00 
18-11-22 10:41      6662.46     83100.00       247.37    437310.45     73102.13    188963.14         0.00       300.00       1.9671         0.00 
18-11-23 10:44      5126.71     83100.00       249.50    442437.16     74468.22    191945.92         0.00       300.00       2.1247         0.00 
18-11-24 11:42      2381.88     83100.00       251.42    444819.04     74468.22    193678.65         0.00       300.00       1.9247         0.00 
18-11-25 11:26      2617.91     83100.00       252.87    447436.95     74468.22    195786.57         0.00       300.00       1.4464         0.00 
18-11-26 10:36      3073.00     83100.00       254.42    450509.95     74968.22    197329.66         0.00       300.00       1.5551         0.00 
18-11-27 10:30       960.78     83100.00       255.05    451470.74     74969.58    197877.27         0.00       300.00       0.6261         0.00 
18-11-28 10:57      6026.77     83100.00       255.18    457497.50     80663.33    198108.99         0.00       300.00       0.1327         0.00 
18-11-29 16:45       549.14     83100.00       255.22    458046.64     80663.33    198474.13         0.00       300.00       0.0327         0.00 
18-11-30 12:18       117.89     83100.00       255.28    458164.54     80688.64    198558.36         0.00       300.00       0.0623         0.00 
18-12-01 11:50       614.11     83100.00       255.78    458778.64     80747.16    198865.30         0.00       300.00       0.5058         0.00 
18-12-02 13:59       178.42     83100.00       255.89    458957.06     80747.16    198953.51         0.00       300.00       0.1061         0.00 
18-12-03 10:40       922.82     83100.00       256.38    459879.89     80747.67    199207.20         0.00       300.00       0.4906         0.00 
18-12-04 11:35        93.90     83100.00       256.42    459973.79     80748.70    199267.80         0.00       300.00       0.0420         0.00 
18-12-05 11:36      7052.74     83100.00       259.42    467026.53     80748.70    204006.34         0.00       300.00       3.0010         0.00 
18-12-06 11:05       677.80     88100.00       259.66    467704.33     80748.70    204644.66         0.00       300.00       0.2372         0.00 
18-12-07 11:58       699.12     88100.00       259.72    468403.45     80748.70    205339.79         0.00       300.00       0.0560         0.00 
18-12-08 18:21        90.27     88100.00       259.75    468493.73     80753.80    205424.96         0.00       300.00       0.0355         0.00 
18-12-09 15:48       294.97     88100.00       259.83    468788.70     80753.80    205704.38         0.00       300.00       0.0770         0.00 
18-12-10 18:46       114.90     88100.00       259.83    468903.60     80756.80    205809.79         0.00       300.00       0.0039         0.00 
18-12-11 11:40      1741.99     88100.00       261.14    470645.59     80896.38    206989.17         0.00       300.00       1.3047         0.00 
18-12-12 11:41       207.98     88100.00       261.17    470853.57     80899.38    207180.79         0.00       300.00       0.0369         0.00 
18-12-13 11:01       279.65     88100.00       261.52    471133.22     80901.48    207200.92         0.00       300.00       0.3411         0.00 
18-12-14 12:26      2374.37     88100.00       264.03    473507.59     80901.78    207638.14         0.00       300.00       2.5164         0.00 
18-12-15 11:45       377.34     88100.00       264.20    473884.93     80909.78    207768.40         0.00       300.00       0.1687         0.00 
18-12-16 20:43       324.73     88100.00       264.39    474209.66     80909.78    207830.75         0.00       300.00       0.1893         0.00 
18-12-17 11:00      2480.79     88100.00       266.56    476690.46     81411.78    207850.11         0.00       300.00       2.1696         0.00 
18-12-18 11:18       683.57     88100.00       267.08    477374.03     81466.88    207885.49         0.00       300.00       0.5183         0.00 
18-12-19 10:32       595.12     88100.00       267.40    477969.14     81466.88    208199.97         0.00       300.00       0.3178         0.00 
18-12-20 11:28       376.46     88100.00       267.62    478345.61     81466.88    208552.00         0.00       300.00       0.2255         0.00 
18-12-21 12:16       163.83     88100.00       267.70    478509.43     81466.88    208627.83         0.00       300.00       0.0762         0.00 
18-12-22 16:04       443.72     88100.00       267.91    478953.15     81467.88    208674.41         0.00       300.00       0.2084         0.00 
18-12-23 13:51      2380.52     88100.00       268.87    481333.67     81824.90    210071.71         0.00       300.00       0.9657         0.00 
18-12-24 11:15      2175.79     88100.00       269.14    483509.46     81824.90    211982.36         0.00       300.00       0.2683         0.00 
18-12-25 11:59      2285.39     88100.00       270.93    485794.85     82377.21    212274.87         0.00       300.00       1.7925         0.00 
18-12-26 10:31      1046.88     88100.00       271.47    486841.73     82404.54    212697.32         0.00       300.00       0.5351         0.00 
18-12-27 11:29      8073.99     88100.00       273.25    494915.71     84359.30    217246.74         0.00       300.00       1.7784         0.00 
18-12-28 11:07      1120.82     88100.00       273.79    496036.53     84409.30    217980.12         0.00       300.00       0.5474         0.00 
18-12-29 10:40       621.07     88100.00       273.96    496657.60     84410.32    218251.18         0.00       300.00       0.1663         0.00 
18-12-30 11:28      2654.29     88100.00       276.90    499311.90     84460.82    218448.28         0.00       300.00       2.9367         0.00 
18-12-31 11:14       228.90     88100.00       276.90    499540.80     84460.82    218644.41         0.00       300.00       0.0053         0.00 
19-01-01 12:33      5834.33     88100.00       282.82    505375.13     84998.78    219412.51         0.00       300.00       5.9230         0.00 
19-01-02 10:31      2127.97     88100.00       283.44    507503.10     85124.50    220700.34         0.00       300.00       0.6186         0.00 
19-01-03 12:53      4365.39     88100.00       285.59    511868.49     86195.89    221292.90         0.00       300.00       2.1476         0.00 
19-01-04 10:32      2378.50     88100.00       286.71    514246.99     86195.89    222710.88         0.00       300.00       1.1179         0.00 
19-01-05 11:08       857.70     88100.00       287.05    515104.69     86195.89    223223.01         0.00       300.00       0.3394         0.00 
19-01-06 10:41       217.51     88100.00       287.09    515322.20     86318.76    223304.89         0.00       300.00       0.0378         0.00 
19-01-07 12:39      1160.50     88100.00       287.13    516482.70     86318.76    224435.28         0.00       300.00       0.0445         0.00 
19-01-08 10:58      1396.25     88100.00       288.26    517878.95     86641.83    224717.12         0.00       300.00       1.1313         0.00 
19-01-09 11:41      1010.78     88100.00       289.35    518889.74     86743.83    224789.60         0.00       300.00       1.0857         0.00 
19-01-10 10:31       436.56     88100.00       289.51    519326.29     86946.83    224927.41         0.00       300.00       0.1672         0.00 
19-01-11 11:42       252.64     88100.00       289.52    519578.94     86946.83    225179.75         0.00       300.00       0.0008         0.00 
19-01-12 10:52        46.30     88100.00       289.57    519625.23     86946.83    225179.75         0.00       300.00       0.0590         0.00 
19-01-13 17:28       281.59     88100.00       289.59    519906.83     87192.91    225194.26         0.00       300.00       0.0104         0.00 
19-01-14 10:58       399.61     88100.00       289.61    520306.44     87192.91    225577.31         0.00       300.00       0.0252         0.00 
19-01-15 15:43        40.46     91100.00       289.64    520346.90     87192.91    225597.69         0.00       300.00       0.0289         0.00 
19-01-16 19:20      3036.43    106100.00       290.95    523383.33     88192.91    225624.57         0.00       300.00       1.3141         0.00 
19-01-17 14:23       375.69    106100.00       291.35    523759.01     88193.04    225693.00         0.00       300.00       0.3996         0.00 
19-01-18 10:48       951.95    106100.00       292.45    524710.96     88193.04    225874.71         0.00       300.00       1.0945         0.00 
19-01-19 11:54       193.88    106100.00       292.63    524904.84     88193.04    225931.72         0.00       300.00       0.1846         0.00 
19-01-20 17:52        52.34    106100.00       292.64    524957.18     88195.04    225949.77         0.00       300.00       0.0107         0.00 
19-01-21 18:04       381.49    106100.00       292.69    525338.67     88500.04    226021.51         0.00       300.00       0.0439         0.00 
19-01-22 11:00        38.11    106100.00       292.73    525376.78     88500.14    226025.51         0.00       300.00       0.0443         0.00 
19-01-23 14:33        20.25    106100.00       292.74    525397.02     88500.14    226036.31         0.00       300.00       0.0123         0.00 
19-01-24 13:07       107.38    106100.00       292.85    525504.41     88500.42    226059.26         0.00       300.00       0.1112         0.00 
19-01-25 14:40       108.14    106100.00       292.94    525612.54     88500.42    226118.89         0.00       300.00       0.0859         0.00 
19-01-26 21:51       143.38    106100.00       293.02    525755.92     88500.42    226225.62         0.00       300.00       0.0825         0.00 
19-01-27 12:40       819.61    106100.00       293.69    526575.53     88523.85    226590.59         0.00       300.00       0.6630         0.00 
19-01-28 11:11       741.37    106100.00       294.32    527316.90     88543.83    226862.73         0.00       300.00       0.6322         0.00 
19-01-29 12:20       261.25    106100.00       294.45    527578.14     88543.83    227068.31         0.00       300.00       0.1330         0.00 
19-01-30 11:08      1054.46    106100.00       295.65    528632.61     88543.83    227303.40         0.00       300.00       1.1994         0.00 
19-01-31 11:25       512.34    106100.00       295.68    529144.94     88546.75    227807.81         0.00       300.00       0.0299         0.00 
19-02-01 16:42        23.80    106100.00       295.68    529168.75     88548.32    227830.05         0.00       300.00       0.0000         0.00 
19-02-02 14:21        39.95    106100.00       295.71    529208.70     88548.32    227870.00         0.00       300.00       0.0260         0.00 
19-02-03 13:27        45.71    106100.00       295.75    529254.41     88548.32    227877.76         0.00       300.00       0.0451         0.00 
19-02-04 11:59       918.35    106100.00       296.03    530172.76     88548.32    228641.30         0.00       300.00       0.2807         0.00 
19-02-05 14:02      1491.85    106100.00       297.12    531664.61     88552.80    229812.53         0.00       300.00       1.0878         0.00 
19-02-06 11:02        46.77    106100.00       297.14    531711.37     88552.80    229856.31         0.00       300.00       0.0185         0.00 
19-02-07 13:02       239.80    106100.00       297.33    531951.17     88552.80    230015.73         0.00       300.00       0.1900         0.00 
19-02-08 17:36       677.57    106100.00       297.93    532628.75     88552.80    230066.93         0.00       300.00       0.6059         0.00 
19-02-09 17:58       817.73    106100.00       298.10    533446.48     88552.80    230876.68         0.00       300.00       0.1645         0.00 
19-02-10 11:06      2344.61    106100.00       299.99    535791.09     88552.80    232150.01         0.00       300.00       1.8869         0.00 
19-02-11 10:48       551.15    106100.00       300.02    536342.24     88561.71    232672.87         0.00       300.00       0.0318         0.00 
19-02-12 15:00       305.42    106100.00       300.29    536647.65     88561.71    232836.25         0.00       300.00       0.2711         0.00 
19-02-13 10:43       642.19    106100.00       300.80    537289.84     88561.71    233057.20         0.00       300.00       0.5123         0.00 
19-02-14 11:06       134.32    106100.00       300.91    537424.16     88561.71    233130.54        49.94       300.00       0.1134        49.94 
19-02-15 14:21        69.31    106100.00       300.94    537493.47     88561.71    233178.82        63.80       300.00       0.0273        63.80 
19-02-16 13:14       547.42    106100.00       301.30    538040.88     88561.71    233712.75        63.87       300.00       0.3556        63.73 
19-02-17 15:18       122.46    106100.00       301.39    538163.35     88571.81    233751.11        65.98       300.00       0.0933        65.83 
19-02-18 11:11       324.46    106100.00       301.45    538487.81     88571.81    234009.53        68.32       300.00       0.0586        67.97 
19-02-19 10:46      3124.27    106100.00       304.10    541612.07     88571.81    236024.83      1008.37       300.00       2.6522      1008.02 
19-02-20 11:47       565.88    106100.00       304.51    542177.96     88571.81    236471.96      1027.68       300.00       0.4107      1027.31 
19-02-21 10:37       292.88    106100.00       304.71    542470.84     88571.81    236741.97      1029.68       300.00       0.1969      1026.30 
19-02-22 11:15       375.59    106100.00       304.96    542846.43     88571.81    236935.65      1039.91       300.00       0.2509      1034.33 
19-02-23 14:20      1948.24    106100.00       306.13    544794.67     88571.81    237920.62      1111.03       300.00       1.1720      1101.43 
19-02-24 10:44       466.67    106100.00       306.41    545261.34     88571.81    238287.85      1192.88       300.00       0.2760      1019.58 
19-02-25 23:34     10024.08    106100.00       312.92    555285.43     93572.31    238300.52      1193.13       300.00       6.5151      1019.33 
19-02-26 11:10      3573.55    106100.00       314.76    558858.98     93813.61    241163.50      1626.86       300.00       1.8379      1453.07 
19-02-27 11:13       395.14    106100.00       315.18    559254.11     93815.84    241259.00      1663.24       300.00       0.4149      1435.93 
19-02-28 10:40       176.34    106100.00       315.24    559430.45     93839.04    241387.05      1675.85       300.00       0.0663      1447.70 
19-03-01 14:04        51.90    106100.00       315.27    559482.35     93841.52    241419.45      1677.12       300.00       0.0269      1446.43 
19-03-02 16:08       254.85    106100.00       315.37    559737.20     93855.75    241645.70      1687.21       300.00       0.1052      1456.52 
19-03-03 17:38       480.64    106100.00       315.73    560217.84     93855.75    241890.93      1777.36       300.00       0.3554      1366.36 
19-03-04 10:54       313.77    106100.00       316.02    560531.61     93855.75    241998.34      1789.59       300.00       0.2923      1360.27 
19-03-05 13:02       577.14    106100.00       316.36    561108.75     93860.25    242511.58      1842.83       300.00       0.3374      1413.40 
19-03-06 12:19       235.01    106100.00       316.43    561343.76     93862.64    242677.32      1851.15       300.00       0.0715      1421.72 
19-03-07 14:07      1126.52    106100.00       316.84    562470.28     93907.56    243711.32      1851.23       300.00       0.4046      1421.64 
19-03-08 10:35       251.02    106100.00       317.02    562721.31     93929.43    243808.14      1893.14       300.00       0.1857      1395.78 
19-03-09 10:43       149.55    106100.00       317.15    562870.85     93929.43    243879.89      1899.60       300.00       0.1278      1402.24 
19-03-10 19:11       438.21    106100.00       317.29    563309.06     93929.43    244210.32      1899.60       300.00       0.1393      1402.24 
19-03-11 10:50       283.85    106100.00       317.44    563592.91     93929.43    244399.76      1920.20       300.00       0.1541      1381.64 
19-03-12 11:22      4943.26    106100.00       317.55    568536.17     98727.89    244448.34      1960.99       300.00       0.1049      1398.56 
19-03-13 11:36       112.10    106100.00       317.57    568648.27     98727.89    244552.77      1967.36       300.00       0.0209      1392.19 
19-03-14 11:22      5769.86    106100.00       325.07    574418.13     98727.89    244566.73      1967.36       300.00       7.5005      1392.19 
19-03-15 13:11       307.21    106100.00       325.24    574725.34     98727.89    244801.59      2009.48       300.00       0.1710      1432.31 
19-03-16 13:27       196.22    106100.00       325.44    574921.56     98727.89    244887.06      2013.14       300.00       0.1978      1428.66 
19-03-17 13:16       214.01    106100.00       325.66    575135.57     98727.89    244945.03      2015.34       300.00       0.2221      1426.46 
19-03-18 11:53       206.85    106100.00       325.70    575342.43     98727.89    245143.13      2019.71       300.00       0.0441      1422.08 
19-03-19 13:54        59.78    106100.00       325.74    575402.21     98727.89    245196.59      2022.46       300.00       0.0356      1419.34 
19-03-20 11:55        23.87    106100.00       325.75    575426.08     98727.89    245213.92      2029.00       300.00       0.0098      1425.55 
19-03-21 13:34       354.59    106100.00       325.82    575780.68     98780.23    245478.57      2051.67       300.00       0.0716      1409.39 
19-03-22 12:19       246.16    106100.00       325.99    576026.83     98780.48    245595.52      2054.88       300.00       0.1679      1412.61 
19-03-23 11:40       141.01    106100.00       326.02    576167.85     98821.46    245694.76      2054.88       300.00       0.0294      1412.61 
19-03-24 10:55       384.44    106100.00       326.20    576552.29     98821.46    245991.55      2067.27       300.00       0.1787      1410.08 
19-03-25 10:41        86.59    106100.00       326.26    576638.88     98825.46    246051.72      2089.70       300.00       0.0614      1394.01 
19-03-26 15:21       191.04    106100.00       326.29    576829.92     98825.46    246213.23      2098.51       300.00       0.0304      1402.82 
19-03-27 11:05       121.88    106100.00       326.33    576951.80     98825.46    246315.02      2112.34       300.00       0.0379      1416.64 
19-03-28 14:48        35.76    106100.00       326.34    576987.56     98849.35    246317.01      2116.61       300.00       0.0129      1420.92 
19-03-29 10:41       302.96    106100.00       326.43    577290.52     98849.35    246577.87      2152.52       300.00       0.0920      1456.82 
19-03-30 12:22       264.21    106100.00       326.45    577554.73     98853.78    246827.84      2161.32       300.00       0.0161      1458.76 
19-03-31 11:13        40.76    106100.00       326.47    577595.49     98853.78    246841.73      2166.11       300.00       0.0276      1453.98 
19-04-01 11:40       254.29    106100.00       326.61    577849.78     98859.02    247008.02      2230.11       300.00       0.1397      1503.42 
19-04-02 11:00      2280.38    106100.00       327.04    580130.16     98860.02    248333.21      2394.70       300.00       0.4233      1575.96 
19-04-03 11:55       748.81    106100.00       327.52    580878.97     98860.02    248912.09      2541.57       300.00       0.4806      1548.29 
19-04-04 14:02       276.23    106100.00       327.65    581155.19     98860.02    249106.27      2619.10       300.00       0.1357      1553.68 
19-04-05 11:40       301.73    106100.00       327.91    581456.93     98860.02    249278.76      2652.67       300.00       0.2606      1557.18 
19-04-06 15:36       218.04    106100.00       328.06    581674.96     98860.02    249406.54      2713.03       300.00       0.1424      1569.71 
19-04-07 11:48       332.56    106100.00       328.20    582007.52     98860.02    249642.09      2804.97       300.00       0.1385      1638.68 
19-04-08 12:39       196.53    106100.00       328.32    582204.04     98860.02    249769.45      2857.65       300.00       0.1293      1618.06 
19-04-09 10:51       283.80    106100.00       328.55    582487.84     98861.30    249779.29      2867.16       300.00       0.2271      1627.57 
19-04-10 15:47      2173.71    106100.00       330.30    584661.55     98861.30    251427.63      2941.89       300.00       1.7468      1578.90 
19-04-11 11:27       310.36    106100.00       330.50    584971.91     98861.30    251691.76      2973.32       300.00       0.2055      1558.74 
19-04-12 11:19      1029.57    106100.00       331.22    586001.47     98869.30    252528.55      2981.32       300.00       0.7120      1566.74 
19-04-13 10:46       104.79    106100.00       331.28    586106.26     98869.30    252633.34      2981.32       300.00       0.0655      1566.74 
19-04-14 15:08      1485.43    106100.00       332.68    587591.69     98869.30    253051.92      3407.34       300.00       1.3968      1592.58 
19-04-15 10:46      1720.63    106100.00       334.09    589312.32     98875.36    253195.76      3457.95       300.00       1.4157      1558.17 
19-04-16 15:00       885.32    106100.00       334.37    590197.64     98875.36    253453.01      3484.50       300.00       0.2736      1584.72 
19-04-17 11:19       387.29    106100.00       334.48    590584.93     98875.36    253506.02      3507.39       300.00       0.1128      1607.61 
19-04-18 12:11       194.81    106100.00       334.54    590779.74     98875.36    253689.59      3517.64       300.00       0.0593      1617.85 
19-04-20 04:22        58.60    106100.00       334.57    590838.34     98875.36    253741.96      3523.87       300.00       0.0341      1624.09 
19-04-20 19:08        47.67    106100.00       334.58    590886.00     98915.69    253743.96      3528.12       300.00       0.0069      1619.84 
19-04-21 11:56       176.56    106100.00       334.78    591062.57     98915.69    253793.03      3578.18       300.00       0.1950      1603.21 
19-04-22 12:52       223.63    106100.00       334.92    591286.20     98915.69    253979.41      3597.64       300.00       0.1433      1622.67 
19-04-23 12:19       190.33    111100.00       335.12    591476.54     98915.69    254037.33      3620.84       300.00       0.1970      1599.47 
19-04-24 12:46       167.87    111100.00       335.26    591644.40     98915.69    254155.06      3653.32       300.00       0.1411      1583.33 
19-04-25 13:17      6836.86    111100.00       335.58    598481.27     98915.82    254478.84      3755.97       300.00       0.3183      1520.57 
19-04-26 14:47       880.23    111100.00       335.63    599361.50     98915.82    254713.01      3755.97       300.00       0.0529      1520.57 
19-04-27 10:42        69.02    111100.00       335.65    599430.52     98915.82    254753.90      3765.71       300.00       0.0233      1530.30 
19-04-28 12:24       192.87    111100.00       335.75    599623.39     99006.47    254762.29      3769.93       300.00       0.0938      1534.52 
19-04-29 13:39       416.07    111100.00       336.01    600039.45     99091.85    254937.87      3777.50       300.00       0.2620      1526.96 
19-04-30 10:56       186.94    111100.00       336.04    600226.40     99100.85    255090.41      3802.31       300.00       0.0331      1551.77 
19-05-01 13:14        73.11    111100.00       336.12    600299.51     99100.85    255097.61      3802.31       300.00       0.0804      1551.77 
19-05-02 17:08       484.11    111100.00       336.44    600783.62     99100.85    255577.30      3802.31       300.00       0.3171      1551.77 
19-05-03 10:35      1285.74    111100.00       337.86    602069.36     99171.55    255710.64      3849.84       300.00       1.4216      1583.04 
19-05-04 13:33       121.34    111100.00       337.94    602190.69     99171.55    255787.23      3861.88       300.00       0.0815      1571.00 
19-05-05 12:52        96.29    111100.00       337.98    602286.98     99171.55    255818.14      3873.54       300.00       0.0426      1575.46 
19-05-06 13:29       481.40    111100.00       338.28    602768.38     99171.55    256120.82      3945.29       300.00       0.2937      1639.60 
19-05-07 11:44       256.78    111100.00       338.49    603025.16     99171.88    256248.80      4027.30       300.00       0.2167      1597.54 
19-05-08 13:58       263.59    111100.00       338.68    603288.75     99172.55    256471.23      4033.99       300.00       0.1840      1604.22 
19-05-09 10:46       187.21    111100.00       338.78    603475.96     99172.98    256567.70      4043.40       300.00       0.1045      1611.22 
19-05-10 10:50       366.61    111100.00       338.94    603842.57     99172.98    256801.18      4127.59       300.00       0.1616      1654.80 
19-05-11 10:51       844.18    111100.00       339.32    604686.75     99172.98    257463.31      4300.71       300.00       0.3792      1739.51 
19-05-12 10:47      1408.54    111100.00       341.05    606095.29     99173.10    257572.09      4425.88       300.00       1.7312      1705.20 
19-05-13 13:26      5621.78    111000.00       344.63    611717.08     99173.10    262839.68      4543.04       400.00       3.5738      1781.31 
19-05-14 11:46      3622.39    111000.00       345.28    615339.47     99173.10    263732.04      4712.63       400.00       0.6518      1857.83 
19-05-15 11:41      1120.87    111000.00       345.89    616460.34     99173.21    264451.22      4977.20       400.00       0.6097      1990.76 
19-05-16 11:38      1613.88    111000.00       346.58    618074.22     99173.21    265776.76      5262.46       400.00       0.6922      1913.58 
19-05-17 10:37      1266.50    111000.00       347.20    619340.72     99173.21    266859.33      5446.39       400.00       0.6222      1885.37 
19-05-18 10:31       552.60    111000.00       347.60    619893.31     99173.21    267243.36      5527.08       400.00       0.3908      1964.07 
19-05-19 11:25       512.38    111000.00       347.90    620405.69     99173.21    267683.54      5578.92       400.00       0.3005      1969.01 
19-05-20 11:31       393.34    111000.00       348.21    620799.03     99173.21    267837.55      5627.46       400.00       0.3129      1964.07 
19-05-21 16:31       149.40    111000.00       348.29    620948.43     99173.21    267960.77      5653.63       400.00       0.0771      1989.40 
19-05-22 13:06       246.47    111000.00       348.48    621194.90     99173.32    268126.29      5734.48       400.00       0.1940      1908.56 
19-05-23 10:47       832.67    111000.00       348.96    622027.57     99173.32    268677.62      5908.88       400.00       0.4809      1926.22 
19-05-24 11:22        70.93    111000.00       348.99    622098.50     99173.32    268730.65      5926.78       400.00       0.0285      1944.12 
19-05-25 11:36        54.90    111000.00       349.03    622153.40     99173.32    268753.24      5943.31       400.00       0.0420      1950.16 
19-05-26 12:04      2743.59    111000.00       350.80    624896.98     99989.74    269358.20      6130.81       400.00       1.7733      1994.01 
19-05-27 12:52      1401.34    111000.00       352.12    626298.33     99989.74    269738.69      6171.40       400.00       1.3169      2019.40 
19-05-28 12:46       544.38    111000.00       352.67    626842.71     99989.74    269892.19      6190.62       400.00       0.5501      2000.18 
19-05-29 11:15       564.34    111000.00       353.04    627407.04     99989.85    270180.68      6287.28       400.00       0.3704      2055.53 
19-05-30 10:42       753.36    111000.00       353.62    628160.40     99989.85    270734.50      6452.74       400.00       0.5798      1936.83 
19-05-31 10:58       240.58    111000.00       353.71    628400.98     99989.85    270914.39      6511.63       400.00       0.0848      1995.72 
19-06-01 13:59       130.58    111000.00       353.83    628531.56     99989.85    270979.84      6515.64       400.00       0.1260      1993.73 
19-06-02 10:46       218.10    111000.00       354.10    628749.66     99989.96    271001.37      6652.88       400.00       0.2687      1957.05 
19-06-03 11:12       211.33    111000.00       354.29    628960.99     99991.02    271126.03      6717.41       400.00       0.1868      1892.51 
19-06-04 12:44       356.98    111000.00       354.69    629317.98     99991.82    271209.63      6747.07       400.00       0.4038      1874.36 
19-06-05 12:24       231.07    111000.00       354.83    629549.04     99992.56    271433.70      6752.59       400.00       0.1418      1879.88 
19-06-06 15:02       157.99    111000.00       354.94    629707.03     99992.56    271525.44      6775.42       400.00       0.1068      1885.56 
19-06-07 10:48        55.46    111000.00       354.99    629762.49     99992.56    271543.71      6787.23       400.00       0.0484      1897.37 
19-06-08 10:56        69.22    111000.00       355.03    629831.71     99992.56    271594.65      6802.53       400.00       0.0437      1882.08 
19-06-09 14:08       193.25    111000.00       355.18    630024.96     99992.56    271731.85      6858.57       400.00       0.1460      1844.81 
19-06-10 13:02       195.43    111000.00       355.27    630220.40     99992.56    271854.49      6910.90       400.00       0.0959      1885.82 
19-06-11 12:32       228.64    111000.00       355.40    630449.04     99992.56    272000.28      6938.62       400.00       0.1245      1890.58 
19-06-12 10:38       231.57    111000.00       355.52    630680.60    100007.86    272150.96      6983.25       400.00       0.1240      1935.20 
19-06-13 13:44        83.27    111000.00       355.62    630763.87    100007.86    272165.89      7033.90       400.00       0.0987      1920.25 
19-06-14 11:34       551.96    111000.00       356.04    631315.83    100007.86    272395.83      7054.96       400.00       0.4190      1941.31 
19-06-15 12:48       451.25    111000.00       356.39    631767.08    100013.69    272575.55      7098.98       400.00       0.3459      1985.33 
19-06-16 17:22       434.47    111000.00       356.69    632201.55    100013.69    272937.20      7114.86       400.00       0.3079      1969.46 
19-06-17 12:04       393.83    111000.00       356.98    632595.38    100013.69    273118.37      7205.22       400.00       0.2857      1959.60 
19-06-18 11:43      2394.47    111000.00       360.07    634989.86    100013.69    273160.63      7249.84       400.00       3.0864      1938.20 
19-06-19 10:53        78.58    111000.00       360.13    635068.44    100016.69    273213.24      7249.84       400.00       0.0589      1938.20 
19-06-20 11:36      1278.96    111000.00       360.90    636347.40    100016.69    273809.58      7281.20       400.00       0.7723      1969.17 
19-06-21 10:46       909.49    111000.00       361.48    637256.90    100016.69    274447.70      7355.95       400.00       0.5854      2030.47 
19-06-22 11:12      5065.56    111000.00       362.00    642322.46    100016.69    279130.21      7409.10       400.00       0.5169      2055.19 
19-06-23 10:36      4713.02    111000.00       362.84    647035.48    100016.69    283709.43      7472.88       400.00       0.8353      2010.17 
19-06-24 15:16      1638.59    111000.00       363.29    648674.07    100023.69    285144.26      7481.70       400.00       0.4583      2001.35 
19-06-25 10:37      9501.44    111000.00       367.58    658175.52    100025.69    294205.18      7559.96       400.00       4.2846      2079.21 
19-06-26 11:01     10241.65    111000.00       371.03    668417.17    100025.69    304074.29      7833.09       400.00       3.4513      2057.21 
19-06-27 10:42      6103.19    111000.00       373.72    674520.36    102542.80    305182.87      8178.80       400.00       2.6888      1978.51 
19-06-28 10:30       678.02    111000.00       374.09    675198.38    102575.87    305598.54      8234.64       400.00       0.3694      1970.71 
19-06-29 13:04      1387.20    111000.00       374.99    676585.58    102576.87    306849.43      8323.91       400.00       0.8979      2023.18 
19-06-30 10:37      2213.63    111000.00       376.46    678799.21    102576.87    308946.78      8427.68       400.00       1.4725      1978.19 
19-07-01 10:44      1758.97    111000.00       377.57    680558.18    102576.87    310191.56      8528.14       400.00       1.1104      1930.49 
19-07-02 10:42       314.35    111000.00       377.72    680872.53    102578.13    310408.93      8589.06       400.00       0.1552      1964.56 
19-07-03 13:39      1151.39    111000.00       378.44    682023.92    102578.13    311514.16      8605.06       400.00       0.7153      1980.56 
19-07-04 10:49       192.21    111000.00       378.59    682216.14    102579.13    311632.74      8648.72       400.00       0.1470      1936.90 
19-07-05 11:02      4120.10    111000.00       382.61    686336.24    102579.13    313169.26      8682.21       400.00       4.0197      1970.39 
19-07-06 15:49        84.40    111000.00       382.66    686420.64    102580.13    313220.41      8700.99       400.00       0.0505      1976.02 
19-07-07 12:11       156.91    111000.00       382.74    686577.55    102580.13    313316.33      8748.39       400.00       0.0800      2023.42 
19-07-08 13:55       770.90    111000.00       383.53    687348.45    102580.13    313528.02      8776.10       400.00       0.7919      2051.13 
19-07-09 12:01       269.73    111000.00       383.71    687618.19    102581.47    313681.22      8785.58       400.00       0.1777      2041.65 
19-07-10 10:46      1035.93    111000.00       384.55    688654.12    102581.47    314435.43      8927.76       400.00       0.8420      1901.49 
19-07-11 11:28       172.68    111000.00       384.63    688826.80    102582.47    314533.09      8928.05       400.00       0.0795      1901.19 
19-07-12 10:57      1305.62    111000.00       385.99    690132.42    102582.47    315029.95      8938.37       400.00       1.3590      1911.51 
19-07-13 18:32       403.82    111000.00       386.26    690536.24    102582.47    315418.56      8950.23       400.00       0.2697      1899.66 
19-07-14 11:24      1748.56    111000.00       387.54    692284.80    102582.47    316724.15      9254.87       400.00       1.2872      1741.66 
19-07-15 11:55        70.83    111000.00       387.62    692355.63    102583.77    316743.34      9282.20       400.00       0.0728      1754.23 
19-07-16 11:02       936.89    111000.00       388.34    693292.52    102583.77    317410.98      9472.38       400.00       0.7224      1663.26 
19-07-17 11:09       700.71    111000.00       388.59    693993.24    102583.77    318050.41      9511.69       400.00       0.2514      1701.56 
19-07-18 11:41       247.91    111000.00       388.64    694241.15    102593.77    318254.05      9531.23       400.00       0.0525      1720.58 
19-07-19 11:13       188.20    111000.00       388.68    694429.34    102597.87    318362.61      9539.60       400.00       0.0358      1728.95 
19-07-20 11:47       338.77    111000.00       388.87    694768.11    102597.87    318667.01      9572.87       400.00       0.1967      1752.07 
19-07-21 18:17      2105.01    111000.00       391.61    696873.12    102597.87    318667.01      9573.36       400.00       2.7401      1751.57 
19-07-22 15:20       266.78    111000.00       391.95    697139.90    102597.87    318678.72      9711.53       400.00       0.3382      1707.01 
19-07-23 12:36       323.94    111000.00       392.21    697463.84    102597.87    318896.32      9809.93       400.00       0.2551      1685.06 
19-07-24 15:19      2156.97    111000.00       393.69    699620.81    102598.88    319908.36      9848.74       400.00       1.4772      1723.86 
19-07-25 10:36       404.06    111000.00       394.17    700024.86    102607.88    319936.32      9863.41       400.00       0.4877      1709.20 
19-07-26 16:31       175.96    111000.00       394.23    700200.83    102607.88    319965.40      9871.76       400.00       0.0574      1717.13 
19-07-27 11:57       189.70    111000.00       394.38    700390.52    102607.88    320090.08      9935.66       400.00       0.1519      1671.73 
19-07-28 15:16       224.21    111000.00       394.51    700614.74    102607.88    320224.75     10000.61       400.00       0.1264      1680.99 
19-07-29 10:46       191.11    111000.00       394.62    700805.85    102607.88    320337.06     10057.16       400.00       0.1158      1716.23 
19-07-30 16:50       106.05    111000.00       394.70    700911.90    102607.88    320385.05     10065.38       400.00       0.0740      1723.39 
19-07-31 13:56       125.80    111000.00       394.76    701037.69    102607.88    320462.16     10094.86       400.00       0.0634      1750.88 
19-08-01 13:10        30.73    111000.00       394.78    701068.43    102607.88    320478.63     10105.00       400.00       0.0187      1752.59 
19-08-02 10:41      1210.49    111000.00       396.19    702278.92    102607.88    320612.46     10172.01       400.00       1.4107      1769.54 
19-08-03 13:28       207.82    111000.00       396.36    702486.74    102607.88    320697.61     10241.93       400.00       0.1658      1756.89 
19-08-04 13:13       106.54    111000.00       396.40    702593.29    102607.88    320774.39     10256.41       400.00       0.0463      1771.38 
19-08-05 11:53       585.07    111000.00       396.72    703178.35    102607.88    321161.72     10308.56       400.00       0.3124      1781.49 
19-08-06 11:36       676.10    111000.00       396.95    703854.45    102607.88    321704.26     10370.91       400.00       0.2363      1754.20 
19-08-07 15:28       629.20    111000.00       397.41    704483.65    102610.27    321995.21     10413.84       400.00       0.4608      1740.33 
19-08-08 12:16       860.82    111000.00       397.75    705344.47    102612.17    322739.38     10466.28       400.00       0.3396      1698.96 
19-08-09 11:31       446.48    111000.00       398.07    705790.95    102612.17    322964.61     10596.32       400.00       0.3186      1690.56 
19-08-10 13:00       194.14    111000.00       398.21    705985.09    102612.17    323088.28     10666.79       400.00       0.1417      1666.83 
19-08-11 10:46       383.02    111000.00       398.43    706368.10    102612.17    323325.28     10769.58       400.00       0.2216      1693.01 
19-08-12 10:45       465.42    111000.00       398.63    706833.52    102612.17    323640.15     10788.90       400.00       0.1984      1673.69 
19-08-13 10:47      2664.00    111000.00       398.78    709497.52    102612.17    326226.15     10801.15       400.00       0.1454      1661.44 
19-08-14 11:09      2548.35    111000.00       399.67    712045.87    102612.17    328550.11     10965.60       400.00       0.8949      1526.69 
19-08-15 11:24      1752.49    111000.00       399.96    713798.36    102612.17    328920.13     11041.31       400.00       0.2822      1542.27 
19-08-16 11:01       376.15    111000.00       400.23    714174.51    102612.17    329188.29     11057.44       400.00       0.2720      1556.40 
19-08-17 12:16        69.65    111000.00       400.29    714244.15    102612.17    329212.38     11097.70       400.00       0.0657      1559.82 
19-08-18 11:51       324.86    111000.00       400.50    714569.01    102612.17    329354.40     11179.97       400.00       0.2118      1616.52 
19-08-19 12:20       533.98    111000.00       400.83    715102.99    102612.17    329554.14     11289.41       400.00       0.3248      1725.40 
19-08-20 10:41       779.85    111000.00       401.38    715882.84    102613.17    330068.94     11335.65       400.00       0.5493      1679.15 
19-08-21 10:31       253.15    111000.00       401.58    716135.99    102613.27    330211.54     11409.49       400.00       0.1973      1657.33 
19-08-22 10:34       964.69    111000.00       402.00    717100.68    102613.27    331009.74     11465.73       400.00       0.4226      1678.63 
19-08-23 10:31       426.18    111000.00       402.47    717526.86    102613.27    331090.26     11492.06       400.00       0.4741      1675.91 
19-08-24 10:51       166.92    111000.00       402.53    717693.77    102613.27    331242.72     11505.19       400.00       0.0577      1662.78 
19-08-25 15:09       935.51    111000.00       402.72    718629.28    102613.27    331667.53     11544.58       400.00       0.1871      1659.14 
19-08-26 12:10       413.15    111000.00       402.85    719042.43    102613.27    331786.87     11548.23       400.00       0.1330      1655.50 
19-08-27 12:34       862.83    111000.00       403.01    719905.26    102918.37    332237.04     11556.54       400.00       0.1559      1647.19 
19-08-28 11:08      1049.99    111000.00       403.70    720955.24    102923.40    333055.66     11692.76       400.00       0.6984      1560.84 
19-08-29 10:50       794.87    111000.00       404.18    721750.12    102923.40    333681.72     11739.05       400.00       0.4779      1574.45 
19-08-30 10:48       629.17    111000.00       404.74    722379.29    102926.25    333682.90     11763.70       400.00       0.5544      1565.64 
19-08-31 12:00        68.48    111000.00       404.78    722447.77    102926.25    333715.54     11791.79       400.00       0.0466      1587.04 
19-09-01 10:31        27.75    111000.00       404.80    722475.52    102926.25    333740.60     11791.79       400.00       0.0184      1587.04 
19-09-02 14:15       305.67    111000.00       405.01    722781.19    102935.51    333826.41     11822.91       400.00       0.2049      1618.16 
19-09-03 11:34       638.31    111000.00       405.82    723419.49    102935.51    333847.27     11838.64       400.00       0.8152      1602.43 
19-09-04 11:52       567.31    111000.00       406.53    723986.80    102935.51    333894.43     11858.22       400.00       0.7043      1591.80 
19-09-05 11:07      1751.99    111000.00       408.52    725738.79    102982.48    333965.00     11942.03       400.00       1.9893      1609.97 
19-09-06 10:36      3845.38    111000.00       411.16    729584.17    102988.01    336226.36     12452.12       400.00       2.6430      1129.46 
19-09-07 13:22       566.87    111000.00       411.50    730151.04    102988.01    336745.54     12497.49       400.00       0.3424      1174.59 
19-09-08 11:19       685.23    111000.00       411.84    730836.27    103030.57    337161.60     12515.56       400.00       0.3429      1163.69 
19-09-09 11:10       129.87    111000.00       411.92    730966.14    103060.16    337202.33     12562.43       400.00       0.0775      1180.86 
19-09-10 14:29       385.89    111000.00       412.42    731352.03    103060.16    337213.83     12572.38       400.00       0.4948      1179.30 
19-09-11 14:24      1029.09    111000.00       412.47    732381.12    104029.18    337246.59     12588.97       400.00       0.0486      1162.71 
19-09-12 12:22      3734.35    111000.00       416.29    736115.47    104795.77    337281.93     12600.14       400.00       3.8280      1173.88 
19-09-13 20:55         3.50    111000.00       416.29    736118.97    104799.27    337281.93     12600.14       400.00       0.0000      1173.88 
19-09-14 11:12       245.06    111000.00       416.37    736364.04    104799.27    337362.84     12632.36       400.00       0.0735      1203.22 
19-09-15 14:43      1084.51    111000.00       416.96    737448.55    105323.64    337464.53     12638.42       400.00       0.5968      1209.28 
19-09-16 11:59        77.97    112000.00       417.00    737526.52    105323.64    337518.65     12656.68       400.00       0.0364      1223.34 
19-09-17 15:28       251.93    112000.00       417.14    737778.45    105323.64    337638.15     12701.44       400.00       0.1366      1268.11 
19-09-18 11:37        76.98    113000.00       417.16    737855.43    105323.64    337705.49     12710.88       400.00       0.0261      1258.67 
19-09-19 10:51       149.08    113000.00       417.22    738004.51    105328.69    337787.42     12748.92       400.00       0.0561      1296.71 
19-09-20 11:01        91.67    113000.00       417.30    738096.18    105328.69    337807.45     12758.94       400.00       0.0764      1286.69 
19-09-21 20:48      1493.37    113000.00       418.66    739589.55    105328.69    338656.06     12778.03       400.00       1.3646      1267.59 
19-09-22 14:02       197.64    113000.00       418.78    739787.19    105328.69    338761.87     12787.68       400.00       0.1204      1257.95 
19-09-23 14:53      2522.18    112800.00       420.10    742309.37    105328.69    340488.57     12845.58       600.00       1.3221      1232.45 
19-09-24 16:22      4034.31    112800.00       422.56    746343.68    105433.52    342238.46     13071.64       600.00       2.4557      1125.92 
19-09-25 10:38       177.48    112800.00       422.62    746521.16    105433.52    342371.07     13088.91       600.00       0.0613      1143.19 
19-09-26 10:52      2378.74    112800.00       424.87    748899.90    105433.52    343093.33     13152.39       600.00       2.2520      1130.52 
19-09-27 13:37       423.00    112800.00       425.32    749322.90    105433.65    343167.31     13179.10       600.00       0.4477      1157.23 
19-09-28 15:54      3357.77    112800.00       427.53    752680.66    105433.65    346352.27     13201.16       600.00       2.2060      1177.18 
19-09-29 10:32      2720.31    112800.00       429.61    755400.98    105433.65    348172.83     13263.82       600.00       2.0867      1159.71 
19-09-30 11:55       264.50    112800.00       429.73    755665.47    105433.65    348348.09     13303.79       600.00       0.1165      1197.41 
19-10-01 15:13       835.11    112800.00       430.41    756500.58    105433.65    348363.88     13452.73       600.00       0.6817      1178.27 
19-10-02 10:39      3658.65    112800.00       431.20    760159.23    105437.09    348440.02     13532.37       600.00       0.7863      1186.52 
19-10-03 10:49       742.65    112800.00       431.56    760901.88    105440.57    348533.16     13692.50       600.00       0.3675      1176.25 
19-10-04 15:23       145.87    112800.00       431.66    761047.75    105440.57    348672.41     13696.12       600.00       0.0924      1177.05 
19-10-05 10:51       110.73    112800.00       431.73    761158.48    105441.07    348719.17     13722.56       600.00       0.0716      1180.21 
19-10-06 10:33       333.67    112800.00       432.09    761492.15    105441.07    348825.09     13814.81       600.00       0.3606      1160.99 
19-10-07 11:21       401.53    112800.00       432.53    761893.67    105443.07    348905.59     13843.63       600.00       0.4379      1189.81 
19-10-08 11:05     15268.17    122800.00       432.57    777161.84    120444.07    349013.26     13865.63       600.00       0.0421      1197.77 
19-10-09 13:45      4195.43    122800.00       437.86    781357.27    120444.07    349139.89     13887.52       600.00       5.2912      1219.65 
19-10-10 10:34       416.31    122800.00       438.11    781773.58    120444.07    349371.82     13925.17       600.00       0.2534      1220.80 
19-10-11 12:17       147.00    122800.00       438.30    781920.58    120444.07    349382.64     13944.07       600.00       0.1842      1201.91 
19-10-12 12:04        10.60    122800.00       438.31    781931.18    120444.07    349382.73     13944.07       600.00       0.0137      1201.91 
19-10-13 13:11       500.76    122700.00       438.81    782431.95    120547.60    349392.76     13946.96       700.00       0.5027      1204.80 
19-10-14 10:53       825.52    122700.00       439.01    783257.47    120555.08    349676.83     13960.80       700.00       0.2002      1203.14 
19-10-15 11:26       534.80    122700.00       439.33    783792.27    120555.08    349776.65     13974.39       700.00       0.3124      1189.55 
19-10-16 12:46       416.68    122700.00       439.56    784208.95    120558.45    350089.32     13993.39       700.00       0.2293      1170.55 
19-10-17 11:34       152.45    122700.00       439.66    784361.40    120558.45    350153.17     14010.07       700.00       0.1052      1159.32 
19-10-18 13:22       173.87    122700.00       439.75    784535.27    120585.01    350260.11     14046.69       700.00       0.0914      1162.46 
19-10-19 20:28        20.37    122700.00       439.76    784555.64    120585.01    350278.13     14048.79       700.00       0.0058      1160.36 
19-10-20 11:15       110.14    122700.00       439.82    784665.78    120585.01    350369.27     14058.83       700.00       0.0621      1169.96 
19-10-21 12:35       162.24    122700.00       439.86    784828.02    120585.01    350525.30     14065.03       700.00       0.0373      1171.18 
19-10-22 10:44       619.99    122700.00       440.42    785448.01    120585.01    350852.25     14329.29       700.00       0.5652      1150.69 
19-10-23 10:32      2141.15    122700.00       441.64    787589.16    120585.01    352042.35     14702.68       700.00       1.2196      1127.50 
19-10-24 12:07       649.69    122700.00       442.30    788238.84    120586.81    352274.16     14833.08       700.00       0.6605      1127.33 
19-10-25 11:36       993.65    122700.00       442.97    789232.49    120586.81    352834.15     15055.13       700.00       0.6640      1198.99 
19-10-26 10:37       509.00    122700.00       443.31    789741.49    120586.81    353158.13     15098.57       700.00       0.3394      1185.14 
19-10-27 12:20       285.13    122700.00       443.47    790026.63    120586.81    353341.61     15148.27       700.00       0.1607      1198.90 
19-10-28 13:52       440.29    122700.00       443.67    790466.91    120586.81    353774.17     15154.76       700.00       0.2071      1205.39 
